
[Flow0]

backtest(df, model, 20, X, Y, 540, 60, None)

MAE: 193.87 m3/s
MSE: 105176.68 m3/s
RMSE: 324.31 m3/s
MAPE: 0.28%
Accuracy: 99.724%
R2: 0.8515


Layer 1: lstm
  Weights shape: (1, 200)
  Weights: [[ 1.66049518e-04 -3.51636149e-02  1.80138592e-02  5.93324602e-02
   2.40705069e-02  3.97555158e-03 -2.09599882e-02  4.94649680e-03
  -1.81841720e-02  1.27199907e-02 -7.01917568e-03  3.01374160e-02
   2.34653964e-03  9.07902420e-03 -1.29520856e-02 -1.04838787e-02
  -1.25060771e-02 -1.74762122e-02 -7.78113492e-03  1.79145932e-02
  -2.36654952e-02 -1.92819797e-02  2.29837047e-03 -6.76803011e-03
   1.32792061e-02 -2.07380531e-03 -2.26353835e-02  8.60987417e-03
   7.71109189e-04 -1.88477635e-02  6.38949824e-03 -3.78917577e-03
  -6.20136084e-03 -3.48181874e-02  1.03869960e-02  3.61123611e-03
  -2.44025863e-03 -3.62856517e-04  9.99595691e-03  8.38046242e-03
   1.02665769e-02  1.05735473e-02 -1.82064599e-03 -1.79683361e-02
  -8.79765302e-03  2.91506778e-02 -3.19159515e-02  1.06063690e-02
   2.29018182e-03  2.64481101e-02 -3.32616875e-03 -6.40053162e-03
   1.41420653e-02  8.51344503e-03  2.57292986e-02 -8.77936371e-03
  -3.41842957e-02  1.07858302e-02 -9.32859164e-03 -1.37259020e-02
   6.28706487e-03  8.04492272e-03 -8.11055582e-03  6.20889431e-03
  -8.13734066e-03  1.77281331e-02  3.90705913e-02  3.02743609e-03
   2.97962833e-05  2.61630602e-02 -1.09771909e-02  5.54714957e-03
   9.11186362e-05 -3.66854556e-02 -4.82515898e-03 -1.99526623e-02
   1.18656103e-02  1.97856072e-02  3.44101177e-03 -6.69111824e-03
   8.03878810e-03  1.51287636e-03 -6.45409292e-03 -2.82489639e-02
   1.38433278e-02  1.42333880e-02 -7.46950647e-03  5.71104605e-03
   1.57347172e-02  2.74568144e-03  1.44590670e-02  1.83557661e-03
   7.24377250e-03 -1.25622908e-02  4.45603905e-03 -2.22033598e-02
   2.15158681e-03  2.82423962e-02  1.41671784e-02  1.49085075e-02
  -4.40972745e-02 -2.46868625e-01 -3.38740647e-02  1.28181010e-01
   1.85582917e-02 -2.13201512e-02  7.11024106e-02  7.30860010e-02
  -1.47475088e-02 -8.66039172e-02 -1.42500997e-01  4.86054905e-02
   5.02989441e-02  4.33959328e-02  6.23445176e-02 -4.98480611e-02
  -1.78526551e-01  3.52023058e-02  1.09461099e-01 -2.56733894e-02
   6.97870329e-02  1.09880261e-01  6.87782792e-03  2.13029701e-02
  -4.75712940e-02 -4.70371097e-02  1.33936405e-01 -6.58914000e-02
   5.94881214e-02  8.40473641e-03  1.64121151e-01  4.58501875e-02
   4.55398411e-02 -6.95754066e-02 -4.25585881e-02  8.06532726e-02
  -2.66213957e-02 -9.30860639e-02  5.00433743e-02  4.27018180e-02
  -4.32536900e-02 -1.23630032e-01  1.15159884e-01 -2.00110421e-01
   5.54912817e-03 -7.01976195e-02  2.99748987e-01 -7.98152536e-02
   7.50207752e-02 -1.00707645e-02 -1.21866877e-03  9.12098185e-05
   3.23793367e-02 -8.36898386e-03  3.97371538e-02 -2.58555524e-02
  -2.31679194e-02  1.12227751e-02 -9.76586435e-03 -4.22949786e-04
  -3.49335233e-03  3.68388649e-03  2.91967508e-03  8.62408523e-03
  -1.51213547e-02  9.45178792e-03  1.44729251e-02 -1.28408363e-02
  -2.53513549e-03  2.94049848e-02 -2.59523727e-02 -3.87271913e-03
  -8.23995797e-05 -3.47810388e-02 -7.54260924e-03 -2.37971433e-02
  -1.91576425e-02  3.28791216e-02  1.34448055e-03 -1.07219601e-02
  -3.86757636e-03 -2.90432386e-03 -8.92824400e-03 -1.21780345e-02
   1.51024312e-02  6.80769328e-03 -4.24435688e-03  2.71348562e-03
   5.66709181e-03  4.44176653e-03  2.40871403e-02 -1.19613698e-02
  -2.48818938e-03 -6.88683183e-04  1.41167836e-02  1.13166086e-02
  -4.45203809e-03  2.46192124e-02  4.19566827e-03  2.09960863e-02]]
  Biases shape: (50, 200)
  Biases: [[-0.04754534 -0.385107   -0.03588631 ... -0.27455145 -0.04065239
   0.01968592]
 [-0.16516714 -0.05197879  0.10278779 ... -0.17721884 -0.17678738
  -0.06271021]
 [-0.19344382 -0.24510945 -0.01022468 ... -0.04273279 -0.05827005
   0.12447344]
 ...
 [-0.03940884 -0.40792382 -0.14154632 ... -0.04544789 -0.2378592
  -0.07496282]
 [ 0.0679303   0.25242     0.06631424 ... -0.13750017  0.04650146
   0.05020219]
 [ 0.31502596  0.08293103 -0.04754955 ...  0.01970979 -0.066947
  -0.08524065]]
Layer 2: dropout
  No weights/biases for this layer.
Layer 3: lstm_1
  Weights shape: (50, 200)
  Weights: [[-5.6196153e-03 -4.7293371e-03 -7.5192319e-04 ... -2.9626125e-03
  -1.4714025e-03  1.2490615e-03]
 [-3.4090048e-03 -5.9442017e-03 -2.8854380e-03 ... -5.8467570e-03
  -5.0042300e-03 -1.4588056e-03]
 [-1.5385110e-03  1.5595581e-03  5.5940598e-03 ... -1.5588591e-03
   3.8395121e-03  3.7229552e-03]
 ...
 [-1.8439640e-03  1.9314722e-03  4.1440199e-03 ... -1.5806415e-03
   3.1797199e-03  5.3410907e-03]
 [-3.2172041e-04 -2.8843249e-03 -5.3600115e-03 ...  6.2894251e-05
  -1.3366428e-03 -1.8162755e-04]
 [-2.0422699e-04  1.0933677e-03  2.4035808e-03 ...  2.4924404e-03
   5.1925349e-04  4.1715932e-04]]
  Biases shape: (50, 200)
  Biases: [[-0.09083252 -0.10969722 -0.05187992 ... -0.09115485 -0.19966938
  -0.04505211]
 [-0.09856494  0.02502675 -0.13049546 ... -0.10277084 -0.01240741
  -0.16239923]
 [-0.04913653 -0.00464946  0.1055279  ... -0.04253997 -0.05051557
   0.16928859]
 ...
 [-0.0223975  -0.08952149  0.0910437  ... -0.07815588  0.01158683
   0.00353335]
 [ 0.01929513  0.12517652  0.13500169 ... -0.05849513  0.09217868
   0.07654681]
 [-0.02172352 -0.10918653 -0.10501754 ... -0.1541251  -0.05780763
   0.03445606]]
Layer 4: dropout_1
  No weights/biases for this layer.
Layer 5: dense
  Weights shape: (50, 1)
  Weights: [[-0.09412327]
 [-0.03434806]
 [ 0.20233896]
 [-0.29397994]
 [-0.25996336]
 [ 0.05899006]
 [-0.35727975]
 [-0.05582454]
 [ 0.1897342 ]
 [-0.33018827]
 [-0.37806427]
 [ 0.22441828]
 [ 0.22670498]
 [ 0.24014747]
 [ 0.1284693 ]
 [ 0.22250511]
 [ 0.07058571]
 [-0.23633716]
 [-0.23716705]
 [-0.11730465]
 [-0.24524765]
 [ 0.19337328]
 [-0.3364492 ]
 [-0.14311263]
 [-0.3218647 ]
 [ 0.41730943]
 [-0.33902156]
 [-0.00442658]
 [ 0.2879456 ]
 [-0.20902586]
 [ 0.3650133 ]
 [-0.27845865]
 [-0.10362488]
 [-0.10328811]
 [-0.1848756 ]
 [-0.30510002]
 [-0.18686761]
 [ 0.28890118]
 [ 0.3721997 ]
 [-0.2764046 ]
 [-0.12928303]
 [ 0.14988463]
 [-0.2877328 ]
 [ 0.20574223]
 [ 0.38904083]
 [ 0.00580377]
 [ 0.23645028]
 [-0.21684371]
 [ 0.28808916]
 [ 0.29991087]]
  Biases shape: (1,)
  Biases: [0.03857045]

[Flow+1]

predictions1, datetime2 = backtest(df, model, 15, X, Y, 365, 60, None)

MAE: 1830.89 m3/s
MSE: 9343626.49 m3/s
RMSE: 3056.73 m3/s
MAPE: 0.36%
Accuracy: 99.64%
R2: 0.9107

Layer 1: lstm_4
  Weights shape: (1, 200)
  Weights: [[-2.19775718e-02  5.99042233e-03 -3.36284749e-02 -8.84689111e-03
  -3.73072587e-02  5.03513776e-03  7.29766907e-03  8.12503602e-03
  -2.33009886e-02 -1.10676996e-02 -1.79088060e-02  6.97256858e-03
  -5.95514849e-03 -2.35666102e-03 -3.48237045e-02 -8.05572979e-03
  -4.92363516e-03 -4.44587087e-03 -6.30296543e-02  2.65119895e-02
  -9.42330062e-03 -9.72685870e-03 -1.16002532e-02  1.78861134e-02
  -1.39252730e-02 -9.17690108e-04 -8.84405151e-03 -1.23549160e-02
  -1.14365201e-02 -2.78114714e-03 -4.28233435e-03 -1.52982296e-02
   4.49754670e-03  1.34794461e-02  4.32635704e-03  1.00086173e-02
  -3.11483000e-03 -1.15746055e-02  1.04113054e-02 -1.74703393e-02
  -1.79404039e-02 -4.72726708e-04 -7.05896551e-03 -5.97353000e-03
  -1.32962596e-02 -7.48617249e-03  1.40537256e-02 -1.25816250e-02
  -1.02625899e-02  1.44379062e-03 -1.01532741e-02 -3.76774254e-03
   2.35849638e-02 -2.54148315e-03  1.98610462e-02 -8.10418371e-03
   7.27186352e-03 -7.11528212e-03  8.00667331e-03  7.77782686e-03
  -1.00107901e-02 -1.10664330e-02 -1.68877840e-02 -3.18006519e-03
   2.21229438e-03 -4.03028540e-03 -1.86920061e-03 -4.71773418e-03
   8.08311533e-03 -4.71519120e-03 -3.96519620e-03  5.68854506e-04
   1.41057968e-02  1.64187215e-02 -1.25128170e-03 -3.61143309e-03
   7.86120887e-04 -2.42677634e-03  1.54935964e-03  3.51953413e-03
  -6.60654157e-04  5.00536384e-03  6.14636810e-04 -4.54302365e-03
   6.47612382e-03 -8.67698714e-03 -4.35051695e-03  2.22318876e-03
  -1.27755366e-02 -3.07393493e-03 -1.19062897e-03 -5.04012033e-03
  -4.31574369e-03 -1.11300428e-03  3.16341082e-03 -7.20606139e-03
   9.91649833e-03  9.39055625e-03 -1.19470793e-03 -6.65485347e-03
  -3.90182249e-03  1.05988406e-01  2.48596773e-01  4.60234582e-02
   7.91222677e-02  3.36112231e-02 -4.89465594e-02 -5.10691591e-02
   4.86680828e-02 -9.26308185e-02  1.12431802e-01  5.30217625e-02
  -5.08992709e-02 -7.98591301e-02  2.02197626e-01 -7.96619132e-02
   8.47563520e-02  5.70942834e-02 -2.89049059e-01  8.22747499e-02
  -1.47310914e-02 -2.96292007e-02  8.64565894e-02 -1.33008063e-01
   8.09253156e-02 -2.97636613e-02  6.51907250e-02 -1.82552561e-02
   2.18357611e-02  9.82296243e-02 -2.04952247e-02 -4.41247597e-02
  -1.34808049e-01  8.08326378e-02  1.41069829e-01  9.88697410e-02
  -5.16899526e-02  3.42281237e-02 -1.19279444e-01 -7.32091293e-02
   4.01284248e-02 -6.25790954e-02 -3.90771590e-03  1.55571671e-02
  -6.49739578e-02 -1.17820315e-02 -6.54563159e-02  1.01420343e-01
  -6.90802112e-02 -8.16442668e-02 -1.11468481e-02  5.62218111e-03
   7.24040717e-03 -2.16096453e-03 -5.48382849e-03 -2.09007952e-02
   5.95538598e-03 -7.29040883e-04  4.12658975e-03  8.78436211e-03
   1.71782420e-04 -6.11023000e-03 -1.07093416e-02 -1.42398719e-02
  -6.68751495e-03 -5.14217885e-03 -1.14980573e-03 -1.10025201e-02
  -1.17127702e-03 -2.08622823e-03 -3.80837382e-03 -3.74704646e-03
   1.70476604e-02  1.83033198e-02 -9.55059845e-03 -5.62894065e-03
  -2.33767508e-03 -1.98210757e-02 -3.53459381e-02  3.30667244e-04
  -3.71589034e-04 -1.10888202e-02  7.60926353e-03  9.37729981e-03
   6.03862433e-03 -1.20636858e-02 -5.20312972e-03 -3.50827188e-03
  -1.79769918e-02 -9.92685277e-03 -5.51683083e-03 -1.62059087e-02
  -1.01358593e-02 -1.91165786e-03 -7.60419108e-03 -2.72822957e-02
  -1.05887894e-02  6.32339250e-03 -9.94640402e-03  4.03184630e-03]]
  Biases shape: (50, 200)
  Biases: [[-0.03269717 -0.2708915  -0.07949194 ...  0.05339387  0.07742063
   0.03075812]
 [ 0.09195798  0.28085616  0.1923269  ...  0.01205473  0.1938568
   0.12219662]
 [ 0.02667071  0.19725598 -0.07575984 ...  0.15080649  0.02379465
   0.02024023]
 ...
 [ 0.25454575  0.10828095 -0.06109717 ...  0.16087388 -0.0451107
   0.1824478 ]
 [-0.0487253  -0.10252345  0.28945544 ... -0.1524824   0.07401628
  -0.18261291]
 [-0.2575217  -0.0152395  -0.13362965 ... -0.04960667 -0.25940466
   0.0323841 ]]
Layer 2: dropout
  No weights/biases for this layer.
Layer 3: lstm_5
  Weights shape: (50, 200)
  Weights: [[ 1.9218139e-03  5.6420104e-04  1.4843690e-03 ...  2.1574970e-03
  -5.2724022e-04  3.3330240e-03]
 [-4.1050017e-03 -3.3846924e-03 -6.8778954e-03 ... -4.1006464e-03
  -4.0829685e-03 -2.4938472e-03]
 [-3.7374694e-03 -5.4006302e-03 -7.4055884e-03 ... -4.2860834e-03
  -5.2368119e-03 -9.2980306e-04]
 ...
 [-3.0911231e-04 -1.8866063e-03 -1.8725861e-03 ... -5.6707603e-03
  -3.6779114e-03 -9.3879784e-04]
 [ 4.8707004e-04  2.9847587e-03  3.2057669e-03 ...  3.0795720e-03
   1.9041913e-03  2.3266377e-03]
 [ 5.2450987e-04  2.2065258e-05  3.0872243e-04 ... -8.3193014e-04
  -1.1779335e-03 -2.0456477e-03]]
  Biases shape: (50, 200)
  Biases: [[-0.12088759  0.03833361  0.23759644 ...  0.00452988 -0.0383847
   0.12076717]
 [-0.11887906 -0.09485174 -0.08293399 ...  0.11795626  0.00662427
  -0.06045581]
 [-0.1174708   0.10528451 -0.14909986 ...  0.05088741  0.07342379
  -0.06736077]
 ...
 [-0.12987863 -0.09739878 -0.35724056 ... -0.01255092  0.019315
  -0.0956272 ]
 [-0.07734049  0.06518255 -0.11772554 ... -0.03135378  0.10544141
  -0.09159096]
 [ 0.0901598  -0.131453   -0.15069261 ...  0.05204798 -0.0067127
  -0.0182377 ]]
Layer 4: dropout_1
  No weights/biases for this layer.
Layer 5: dense
  Weights shape: (50, 1)
  Weights: [[ 0.18459952]
 [-0.1373225 ]
 [-0.2239194 ]
 [-0.26485407]
 [ 0.20465246]
 [-0.16539848]
 [-0.21160205]
 [ 0.3288232 ]
 [-0.30983493]
 [ 0.1759407 ]
 [ 0.24864575]
 [-0.09643844]
 [-0.30277044]
 [-0.05489816]
 [ 0.30050567]
 [-0.24244273]
 [ 0.13840926]
 [-0.02556618]
 [ 0.275988  ]
 [-0.01258626]
 [-0.15721944]
 [ 0.26740384]
 [ 0.2323132 ]
 [-0.16079774]
 [-0.01925366]
 [-0.03765542]
 [-0.38360167]
 [-0.17507242]
 [-0.0719984 ]
 [ 0.22520207]
 [ 0.15656175]
 [-0.12416708]
 [-0.20702447]
 [ 0.22641121]
 [ 0.14146087]
 [-0.15201353]
 [ 0.16511786]
 [-0.05621605]
 [-0.09050056]
 [ 0.24300559]
 [ 0.275861  ]
 [-0.18273182]
 [ 0.33199352]
 [ 0.2733447 ]
 [ 0.20219518]
 [-0.1644982 ]
 [-0.01350065]
 [-0.02030429]
 [-0.12992358]
 [ 0.14154953]]
  Biases shape: (1,)
  Biases: [0.05005043]


[Flow+2]

predictions2, datetime3 = backtest(df, model, 15, X, Y, 540, 60, None)

MAE: 346.41 m3/s
MSE: 633684.05 m3/s
RMSE: 796.04 m3/s
MAPE: 0.61%
Accuracy: 99.392%
R2: 0.7609

Layer 1: lstm_4
  Weights shape: (1, 200)
  Weights: [[-2.05292786e-03  6.55074604e-04 -2.72704083e-02  1.49987983e-02
  -7.97099154e-03  1.19966799e-02 -1.07323928e-02  1.49709024e-02
  -8.71766545e-03  9.11391620e-03  1.64818373e-02  4.33199294e-03
  -8.32327269e-03  9.78534482e-03 -2.29616519e-02 -2.10706075e-03
   2.63756281e-03  1.01672728e-02 -1.06201001e-01  4.14318629e-02
  -9.84939281e-03 -5.33281546e-03  4.81310039e-04  6.77363807e-03
   2.16938667e-02 -1.02805346e-02  1.02491472e-02 -1.67675950e-02
  -1.13229016e-02  1.41072727e-03 -2.38279644e-02  2.22626310e-02
   2.29905471e-02  2.89386022e-03  5.82926981e-02  1.53515507e-02
   7.28590414e-03  1.18788760e-02  1.60949696e-02 -6.82647573e-03
   2.31402293e-02  2.46683285e-02 -1.53854694e-02  1.00283022e-03
   1.20847544e-04 -5.92866540e-03 -1.11576170e-03 -3.38462815e-02
   6.93349075e-03  1.54197328e-02 -1.78935714e-02  3.59157170e-03
  -2.10187049e-03 -1.43271275e-02 -2.71991417e-02 -7.09795905e-03
  -6.65239431e-03 -8.24492716e-04  1.87036823e-02 -6.47239108e-03
  -1.70036796e-02 -7.17558339e-03 -1.46788321e-02 -1.17155323e-02
   1.28854364e-02 -2.72851437e-03 -9.02422238e-03 -5.29628992e-03
   2.86032483e-02  2.36960687e-02 -9.82578099e-03 -1.03217261e-02
   1.25558097e-02  3.57960202e-02 -8.71189032e-03 -2.37604440e-03
  -2.09596567e-03  2.17599259e-03 -9.64265503e-03 -6.10991754e-03
  -1.04480349e-02  8.26843735e-03 -7.59854028e-03 -5.27073443e-03
  -1.75066944e-02 -1.99542698e-02  7.80515652e-03  2.18539275e-02
  -5.67294937e-03 -2.70681195e-02 -2.64682192e-02  1.06125930e-02
  -3.53486720e-03  7.13226059e-03  8.47054739e-03  3.01405764e-03
  -1.05250850e-02 -8.32221005e-03  2.01075878e-02  7.13707588e-04
  -3.35139222e-02  1.05315723e-01  2.63103008e-01  8.03720355e-02
   1.08676210e-01  4.63437140e-02 -1.99651755e-02 -5.08099757e-02
   6.83366954e-02 -8.44149590e-02  9.57353413e-02  5.64101301e-02
  -2.36266311e-02 -7.60137439e-02  2.28178039e-01 -7.93413818e-02
   1.04036599e-01  5.21164350e-02 -3.81707579e-01  1.01151407e-01
  -2.07890924e-02 -5.35949767e-02  1.06097482e-01 -1.15100458e-01
   7.37062171e-02 -1.20425075e-02  4.51418534e-02  2.30659321e-02
   2.62765232e-02  1.08551458e-01 -3.63541953e-02 -6.54321164e-02
  -1.86405987e-01  1.15965098e-01  1.54842749e-01  9.80562344e-02
  -3.35833617e-02  4.58525866e-02 -1.12688400e-01 -7.88667798e-02
   6.19515628e-02 -6.22190349e-02 -2.40556756e-03  2.27555744e-02
  -6.38905466e-02 -1.91161893e-02 -2.01072227e-02  1.06582500e-01
  -6.02517314e-02 -5.93498163e-02 -1.47000914e-02 -3.77630466e-03
   1.84791698e-03 -8.76250211e-03 -1.40155898e-02 -4.87174868e-04
  -3.85793927e-03  2.47017946e-02 -3.34160356e-03  8.19096994e-03
  -2.21239757e-02 -1.71475671e-02 -1.07195526e-02 -3.60724144e-02
  -1.42226145e-02 -1.76096503e-02 -8.37741792e-03 -1.92703307e-02
  -1.18262246e-02  7.65217915e-02 -8.29269458e-03 -1.77381858e-02
   3.69981751e-02  1.77247897e-02 -2.23810710e-02 -8.87394883e-03
  -6.04062248e-03  3.17119900e-03 -3.98070961e-02 -1.99712021e-03
  -3.71087901e-02  2.11305520e-03  3.27061974e-02  2.18807608e-02
   2.28364058e-02 -5.35941981e-02  3.78889241e-03  2.96483636e-02
  -3.18920873e-02 -4.12319489e-02 -2.57086717e-02 -7.56027363e-03
   2.25924677e-03  1.06165018e-02  5.41236298e-03 -2.93577109e-02
  -1.64871372e-03 -1.75039843e-02  1.57224145e-02 -3.90858622e-03]]
  Biases shape: (50, 200)
  Biases: [[ 0.01507831 -0.2640912   0.07415766 ...  0.07746764  0.10244497
   0.03281226]
 [ 0.06553698  0.3239716   0.19692867 ...  0.01643515  0.21798983
   0.1222724 ]
 [-0.00331256  0.17889586 -0.05124438 ...  0.09292061 -0.02110922
   0.01284864]
 ...
 [ 0.2759341   0.08236821 -0.05108655 ...  0.17069322 -0.04094984
   0.20139037]
 [-0.02581096 -0.127614    0.27693635 ... -0.13467908  0.0273601
  -0.16061081]
 [-0.33389995 -0.07005392 -0.26871073 ... -0.06450472 -0.25116307
   0.03885455]]
Layer 2: dropout
  No weights/biases for this layer.
Layer 3: lstm_5
  Weights shape: (50, 200)
  Weights: [[-1.3074448e-03 -3.2948595e-04  3.6538618e-03 ... -1.8937372e-03
  -4.8808688e-03 -2.6167564e-03]
 [-6.5932196e-05  2.8971124e-03  3.1886799e-03 ...  3.5716014e-03
   7.7635882e-04 -5.3557928e-04]
 [-3.8622504e-03 -4.6315794e-03 -1.0581484e-02 ... -6.5431264e-03
  -1.1720633e-02 -5.3501632e-03]
 ...
 [ 1.8525971e-05  1.6181039e-03  9.6460251e-04 ...  3.5098940e-03
   2.7144698e-03 -1.3072826e-03]
 [ 2.7793215e-03 -1.7912310e-03 -6.5435851e-03 ... -6.9128524e-04
   3.0933735e-03  2.4483891e-03]
 [-2.4985387e-03 -4.0444159e-03  3.3951232e-03 ... -1.3611243e-03
   6.7398348e-04 -2.3102630e-03]]
  Biases shape: (50, 200)
  Biases: [[-0.13317046  0.03958043  0.298971   ... -0.01861774  0.01175401
   0.05947237]
 [-0.14608158 -0.09716477 -0.11103518 ...  0.13117446 -0.05275888
  -0.02221128]
 [-0.16456872  0.09007323 -0.24573685 ...  0.04595223  0.05460965
  -0.10520067]
 ...
 [-0.1794829  -0.10644567 -0.40915978 ... -0.03053448 -0.03728609
  -0.14753821]
 [-0.13167016  0.06708946 -0.1493848  ... -0.04188178  0.06805506
  -0.15190732]
 [ 0.04878908 -0.14700131 -0.15210997 ...  0.01637297 -0.02414722
  -0.02889478]]
Layer 4: dropout_1
  No weights/biases for this layer.
Layer 5: dense
  Weights shape: (50, 1)
  Weights: [[ 0.20430586]
 [-0.12856607]
 [-0.26375887]
 [-0.2711343 ]
 [ 0.2106908 ]
 [-0.18402882]
 [-0.21175793]
 [ 0.32124993]
 [-0.32052547]
 [ 0.19381747]
 [ 0.24590372]
 [-0.10803708]
 [-0.30121797]
 [-0.03732794]
 [ 0.31429678]
 [-0.2539857 ]
 [ 0.15221696]
 [-0.03876007]
 [ 0.28903395]
 [ 0.02135373]
 [-0.16889483]
 [ 0.29169163]
 [ 0.2396535 ]
 [-0.15236177]
 [-0.06097193]
 [-0.07955438]
 [-0.40753123]
 [-0.18714207]
 [-0.11095431]
 [ 0.23954709]
 [ 0.17835286]
 [-0.15246642]
 [-0.21127069]
 [ 0.26295307]
 [ 0.13883989]
 [-0.18335827]
 [ 0.17777897]
 [-0.1323872 ]
 [-0.12509441]
 [ 0.25895286]
 [ 0.283451  ]
 [-0.17980598]
 [ 0.3466597 ]
 [ 0.2973335 ]
 [ 0.2528984 ]
 [-0.1890084 ]
 [ 0.02341304]
 [-0.02972396]
 [-0.11985645]
 [ 0.18219753]]
  Biases shape: (1,)
  Biases: [0.1051569]